4 main 1 1
7 { 1 6
4 int 2 5
2 x 2 9
7 , 2 10
2 y 2 12
7 , 2 13
2 z 2 15
7 ; 2 16
4 float 3 5
2 a 3 11
7 , 3 12
2 b 3 14
7 ; 3 15
4 bool 4 5
2 flag 4 10
7 ; 4 14
2 x 6 5
8 = 6 7
1 5 6 9
7 ; 6 10
2 y 7 5
8 = 7 7
2 x 7 9
5 + 7 11
1 3 7 13
7 ; 7 14
2 z 8 5
8 = 8 7
2 y 8 9
5 * 8 11
1 2 8 13
7 ; 8 14
2 a 9 5
8 = 9 7
1 0 9 9
7 ; 9 10
4 while 11 5
2 x 11 11
6 > 11 13
1 0 11 15
2 a 12 9
5 ++ 12 10
7 ; 12 12
2 x 13 2
5 -- 13 3
7 ; 13 5
2 flag 14 9
8 = 14 14
4 true 14 16
7 ; 14 20
4 end 15 5
4 cout 16 5
12 << 16 10
11 "Ingresa el numero de llamadas: " 16 13
7 ; 16 46
4 cin 17 5
12 >> 17 9
2 z 17 12
7 ; 17 13
4 cin 18 5
12 >> 18 9
2 a 18 12
7 ; 18 13
4 cout 19 5
12 << 19 10
2 a 19 13
5 * 19 15
2 z 19 17
7 ; 19 18
7 } 20 1
