4 main 3 1
7 { 3 6
4 int 4 5
2 a 4 9
7 , 4 10
2 b 4 12
7 , 4 13
2 c 4 15
7 , 4 16
2 result 4 18
7 ; 4 24
4 float 5 5
2 x 5 11
7 , 5 12
2 y 5 14
7 , 5 15
2 z 5 17
7 ; 5 18
2 a 8 5
8 = 8 7
1 5 8 9
7 ; 8 10
2 b 9 5
8 = 9 7
1 10 9 9
7 ; 9 11
2 c 10 5
8 = 10 7
1 3 10 9
7 ; 10 10
2 result 13 5
8 = 13 12
2 a 13 14
5 + 13 16
2 b 13 18
5 * 13 20
2 c 13 22
7 ; 13 23
2 result 14 5
8 = 14 12
7 ( 14 14
2 a 14 15
5 + 14 17
2 b 14 19
7 ) 14 20
5 * 14 22
2 c 14 24
7 ; 14 25
2 result 15 5
8 = 15 12
2 a 15 14
5 * 15 16
2 b 15 18
5 / 15 20
2 c 15 22
5 + 15 24
2 a 15 26
7 ; 15 27
2 result 18 5
8 = 18 12
2 a 18 14
5 + 18 16
2 b 18 18
5 * 18 20
2 c 18 22
5 - 18 24
2 a 18 26
5 / 18 28
2 c 18 30
5 + 18 32
1 10 18 34
5 * 18 37
7 ( 18 39
2 b 18 40
5 - 18 42
2 a 18 44
7 ) 18 45
7 ; 18 46
2 x 21 5
8 = 21 7
10 3.14 21 9
7 ; 21 13
2 y 22 5
8 = 22 7
10 2.5 22 9
7 ; 22 12
2 z 23 5
8 = 23 7
2 x 23 9
5 * 23 11
2 y 23 13
5 + 23 15
2 c 23 17
7 ; 23 18
2 z 26 5
8 = 26 7
2 x 26 9
5 + 26 11
2 a 26 13
7 ; 26 14
2 result 29 5
8 = 29 12
2 a 29 14
5 ^ 29 16
1 2 29 18
7 ; 29 19
4 cout 32 5
6 < 32 10
6 < 32 11
2 result 32 13
7 ; 32 19
7 } 33 1
